evaluaciones: 11423
mejor_error: 583.4824149955205
mejores_parametros:
  a: 69.8768944914075
  beta: 9.300787480723987
  epsilon: 6.038657636161834
  gamma: 4.100822720765493
  i0: 1.4532246708686804e-06
  l0: 1.222633303821171e-05
  p: 0.07919562030856153
  s0: 0.5262948613680004
run: 5
timestamp: '2026-05-10T22:38:20.364188'
