evaluaciones: 11411
mejor_error: 338.4711799552185
mejores_parametros:
  a: 264.5287480363421
  beta: 10.853640745274056
  epsilon: 6.4213235384592116
  gamma: 5.33232000626556
  i0: 1.5557655441385962e-08
  l0: 1.9103781864834028e-06
  p: 0.0517274382815356
  s0: 0.5969177751794644
run: 2
timestamp: '2026-05-10T22:38:31.568615'
