evaluaciones: 11419
mejor_error: 389.1621779064226
mejores_parametros:
  a: 14.109018807694497
  beta: 7.764142283125313
  epsilon: 10.044950312868991
  gamma: 4.631384097021833
  i0: 3.832749217743198e-06
  l0: 1.5543958620301352e-07
  p: 0.05728854037461206
  s0: 0.7012371806104261
run: 3
timestamp: '2026-05-10T22:38:10.575767'
