evaluaciones: 11419
mejor_error: 435.30233555427236
mejores_parametros:
  a: 44.43441190940854
  beta: 7.553394944027065
  epsilon: 9.637055379280056
  gamma: 5.129349659380658
  i0: 1.8610180450164312e-08
  l0: 7.299344491594704e-06
  p: 0.059159759044374566
  s0: 0.7833118142650806
run: 1
timestamp: '2026-05-10T22:38:09.052021'
