evaluaciones: 11416
mejor_error: 338.6007083798284
mejores_parametros:
  a: 264.3344470132293
  beta: 9.719609505406334
  epsilon: 9.535431327108554
  gamma: 4.290326531909596
  i0: 9.807708241106344e-07
  l0: 5.254684232718228e-07
  p: 0.05851982696126952
  s0: 0.5343859513486617
run: 4
timestamp: '2026-05-10T22:38:16.987520'
