evaluaciones: 11414
mejor_error: 393172.15093385155
mejores_parametros:
  a: 293203.72035409755
  beta: 10.902340912386098
  epsilon: 4.5117495182038745
  gamma: 4.45322773220578
  i0: 1.5710068943840165e-06
  l0: 5.391536999566558e-06
  p: 2.095730260403362
  s0: 0.5095747455669815
run: 5
timestamp: '2026-05-11T16:21:13.683191'
