evaluaciones: 11430
mejor_error: 402665.9622185778
mejores_parametros:
  a: 281326.49427368795
  beta: 5.913932665885278
  epsilon: 13.824328235004803
  gamma: 2.5043653620807067
  i0: 5.019145454311613e-08
  l0: 7.513271832425632e-06
  p: 1.9466134187074013
  s0: 0.529615317639502
run: 2
timestamp: '2026-05-11T16:21:28.747352'
