evaluaciones: 11431
mejor_error: 208467.0678932162
mejores_parametros:
  a: 320843.1180110859
  beta: 11.669910247858095
  epsilon: 12.668525262873818
  gamma: 4.440585399865469
  i0: 1.0001753764545352e-08
  l0: 1.0043147116264196e-08
  p: 1.6177112386737789
  s0: 0.48752114340586483
run: 1
timestamp: '2026-05-11T16:21:06.889372'
