evaluaciones: 11429
mejor_error: 212652.90958977657
mejores_parametros:
  a: 319591.6569351855
  beta: 13.343078358329004
  epsilon: 13.999561951137352
  gamma: 4.447709889735939
  i0: 1.0476915890034338e-08
  l0: 1.0055175467160726e-08
  p: 1.9444754782649867
  s0: 0.422597043709507
run: 4
timestamp: '2026-05-11T16:22:06.298312'
