evaluaciones: 11433
mejor_error: 365886.3036839991
mejores_parametros:
  a: 239864.27087452658
  beta: 8.136182433550452
  epsilon: 14.0
  gamma: 6.557410595178068
  i0: 1.7253284056616181e-06
  l0: 3.261772160809956e-07
  p: 1.9454725013080143
  s0: 0.9092685638381397
run: 3
timestamp: '2026-05-11T16:21:13.862689'
