evaluaciones: 11435
mejor_error: 407631.3996122716
mejores_parametros:
  a: 196004.6862971761
  beta: 6.52385337187599
  epsilon: 10.41823060129914
  gamma: 3.265589126666582
  i0: 1.1809166678872374e-06
  l0: 6.4254145152082e-06
  p: 2.118597149407195
  s0: 0.6057409983623091
run: 4
timestamp: '2026-05-11T15:29:07.340665'
