evaluaciones: 11416
mejor_error: 338377.2415105264
mejores_parametros:
  a: 415685.6414284934
  beta: 17.188837702330872
  epsilon: 4.09702347316181
  gamma: 6.875284307148455
  i0: 1.0e-08
  l0: 9.788653788063115e-07
  p: 1.8239008764680125
  s0: 0.5067198509276944
run: 1
timestamp: '2026-05-11T15:28:27.411765'
