evaluaciones: 11421
mejor_error: 397297.95001638203
mejores_parametros:
  a: 235475.96269627463
  beta: 6.627150594245034
  epsilon: 12.136873383596507
  gamma: 3.689987559000582
  i0: 5.394927019201596e-06
  l0: 3.201962329175728e-07
  p: 2.047792297494513
  s0: 0.6614648409689405
run: 2
timestamp: '2026-05-11T15:29:05.874112'
