evaluaciones: 11430
mejor_error: 351637.2596558526
mejores_parametros:
  a: 233965.2071217181
  beta: 8.692073848334275
  epsilon: 13.850943139713387
  gamma: 6.950354493757189
  i0: 1.359606674679095e-06
  l0: 6.501923619056594e-08
  p: 2.0078185132624236
  s0: 0.9028163088630627
run: 5
timestamp: '2026-05-11T15:28:28.631689'
