evaluaciones: 11415
mejor_error: 293769.53149740346
mejores_parametros:
  a: 315672.1915184164
  beta: 16.260035718984966
  epsilon: 4.616713713154287
  gamma: 6.503907556702192
  i0: 2.179750329525114e-08
  l0: 5.821028778061544e-07
  p: 1.8020920637766316
  s0: 0.5067393162307297
run: 3
timestamp: '2026-05-11T15:28:34.126593'
